P2: 7.215377000000e-01 0.000000000000e+00 6.095593000000e-01 0.000000000000e+00 0.000000000000e+00 7.215377000000e-01 1.728540000000e-01 0.000000000000e+00 0.000000000000e+00 0.000000000000e+00 1.000000000000e+00 0.000000000000e+00